0	0.011	0.012	0.014	0.012	0.013	0.015	0.027	0.025	0.027	0.021	0.021	0.021	0.02	0.029	0.041	0.02	0.02	0.022	0.011	0.011	0.014	0.012	0.012	0.015	0.026	0.024	0.026	0.021	0.02	0.02	0.021	0.028	0.04	0.019	0.019	0.022
24	0.033	0.033	0.037	0.029	0.03	0.033	0.051	0.05	0.052	0.042	0.043	0.043	0.044	0.054	0.07	0.038	0.038	0.041	0.033	0.033	0.036	0.03	0.03	0.032	0.052	0.05	0.052	0.043	0.043	0.042	0.043	0.053	0.068	0.039	0.037	0.04
48	0.049	0.049	0.053	0.043	0.044	0.047	0.067	0.066	0.069	0.058	0.059	0.059	0.06	0.071	0.084	0.052	0.052	0.054	0.049	0.05	0.053	0.043	0.044	0.046	0.069	0.067	0.069	0.059	0.059	0.058	0.06	0.07	0.083	0.051	0.051	0.055
72	0.062	0.061	0.065	0.054	0.055	0.057	0.079	0.078	0.081	0.07	0.071	0.071	0.072	0.082	0.093	0.063	0.063	0.066	0.062	0.062	0.066	0.054	0.055	0.057	0.08	0.078	0.081	0.071	0.071	0.071	0.072	0.081	0.092	0.062	0.061	0.066
96	0.072	0.071	0.075	0.062	0.064	0.067	0.087	0.086	0.089	0.077	0.079	0.08	0.081	0.089	0.098	0.071	0.072	0.074	0.072	0.072	0.075	0.064	0.064	0.066	0.088	0.086	0.089	0.079	0.079	0.079	0.081	0.088	0.097	0.071	0.07	0.075
120	0.08	0.078	0.082	0.07	0.072	0.073	0.092	0.091	0.095	0.084	0.085	0.086	0.088	0.094	0.101	0.078	0.079	0.082	0.079	0.079	0.083	0.071	0.071	0.072	0.094	0.091	0.095	0.086	0.086	0.086	0.088	0.093	0.1	0.078	0.077	0.082
144	0.086	0.084	0.089	0.076	0.078	0.081	0.096	0.095	0.099	0.089	0.091	0.091	0.093	0.098	0.103	0.084	0.085	0.086	0.085	0.085	0.088	0.077	0.077	0.079	0.098	0.095	0.099	0.091	0.091	0.091	0.093	0.097	0.102	0.084	0.083	0.087
168	0.091	0.089	0.093	0.08	0.083	0.085	0.099	0.098	0.102	0.093	0.095	0.095	0.097	0.1	0.104	0.088	0.089	0.092	0.089	0.09	0.093	0.081	0.082	0.084	0.1	0.097	0.102	0.094	0.095	0.095	0.096	0.099	0.103	0.088	0.087	0.092
192	0.094	0.092	0.096	0.084	0.086	0.089	0.1	0.099	0.104	0.096	0.097	0.098	0.099	0.101	0.105	0.092	0.092	0.095	0.093	0.093	0.096	0.085	0.086	0.088	0.102	0.099	0.104	0.097	0.098	0.098	0.099	0.101	0.104	0.092	0.091	0.095
216	0.097	0.095	0.099	0.087	0.09	0.092	0.102	0.101	0.105	0.098	0.1	0.1	0.101	0.103	0.105	0.095	0.096	0.097	0.095	0.095	0.098	0.089	0.089	0.09	0.103	0.1	0.105	0.099	0.1	0.101	0.101	0.102	0.104	0.094	0.093	0.098
240	0.099	0.097	0.1	0.09	0.092	0.095	0.103	0.101	0.106	0.099	0.102	0.103	0.103	0.104	0.107	0.097	0.098	0.1	0.097	0.097	0.1	0.091	0.092	0.093	0.104	0.101	0.106	0.101	0.102	0.101	0.102	0.103	0.105	0.096	0.096	0.1
264	0.1	0.099	0.102	0.092	0.095	0.096	0.104	0.102	0.107	0.101	0.103	0.103	0.104	0.104	0.106	0.099	0.1	0.101	0.099	0.099	0.101	0.093	0.094	0.095	0.105	0.102	0.107	0.102	0.103	0.104	0.104	0.104	0.106	0.099	0.098	0.102
288	0.102	0.1	0.103	0.094	0.097	0.099	0.104	0.102	0.108	0.102	0.104	0.104	0.104	0.105	0.107	0.1	0.101	0.104	0.1	0.1	0.103	0.095	0.096	0.097	0.105	0.102	0.107	0.103	0.104	0.104	0.104	0.104	0.106	0.1	0.099	0.103
312	0.103	0.101	0.104	0.096	0.098	0.1	0.105	0.103	0.108	0.103	0.105	0.105	0.105	0.106	0.106	0.102	0.103	0.105	0.101	0.101	0.103	0.097	0.097	0.097	0.105	0.102	0.108	0.104	0.105	0.104	0.104	0.104	0.106	0.102	0.101	0.105
336	0.103	0.102	0.105	0.097	0.099	0.102	0.105	0.103	0.108	0.103	0.106	0.106	0.106	0.105	0.108	0.103	0.104	0.106	0.101	0.101	0.104	0.098	0.098	0.099	0.106	0.102	0.108	0.105	0.106	0.105	0.106	0.105	0.106	0.102	0.102	0.106
360	0.104	0.102	0.106	0.098	0.1	0.102	0.105	0.104	0.108	0.105	0.106	0.107	0.106	0.105	0.107	0.103	0.105	0.107	0.102	0.102	0.104	0.099	0.099	0.101	0.106	0.103	0.108	0.105	0.106	0.106	0.106	0.105	0.106	0.103	0.103	0.106
384	0.104	0.103	0.106	0.099	0.101	0.103	0.105	0.104	0.109	0.105	0.107	0.107	0.106	0.107	0.108	0.104	0.105	0.107	0.102	0.102	0.105	0.1	0.1	0.101	0.106	0.103	0.109	0.106	0.107	0.106	0.106	0.105	0.106	0.103	0.103	0.107
408	0.105	0.103	0.107	0.1	0.102	0.105	0.106	0.104	0.109	0.105	0.107	0.108	0.106	0.107	0.107	0.105	0.106	0.108	0.103	0.103	0.105	0.1	0.101	0.102	0.106	0.103	0.109	0.106	0.107	0.107	0.106	0.105	0.106	0.104	0.103	0.108
432	0.105	0.103	0.107	0.1	0.103	0.105	0.106	0.104	0.109	0.106	0.107	0.108	0.106	0.106	0.108	0.105	0.106	0.109	0.103	0.103	0.105	0.101	0.101	0.103	0.106	0.103	0.109	0.106	0.107	0.107	0.106	0.105	0.106	0.105	0.105	0.108
456	0.105	0.104	0.107	0.101	0.103	0.105	0.105	0.104	0.109	0.106	0.107	0.108	0.106	0.106	0.108	0.105	0.107	0.109	0.103	0.103	0.105	0.101	0.102	0.103	0.106	0.103	0.108	0.106	0.107	0.107	0.106	0.105	0.106	0.105	0.105	0.109
480	0.105	0.104	0.107	0.101	0.104	0.106	0.105	0.104	0.109	0.105	0.108	0.108	0.107	0.106	0.107	0.106	0.107	0.109	0.103	0.103	0.105	0.102	0.102	0.103	0.106	0.103	0.109	0.107	0.108	0.107	0.107	0.105	0.106	0.105	0.104	0.109
504	0.106	0.104	0.107	0.102	0.104	0.106	0.106	0.104	0.109	0.107	0.108	0.109	0.106	0.106	0.107	0.106	0.107	0.109	0.103	0.103	0.106	0.102	0.103	0.104	0.106	0.103	0.109	0.107	0.108	0.107	0.107	0.105	0.106	0.107	0.106	0.109
528	0.106	0.104	0.107	0.102	0.104	0.106	0.106	0.104	0.109	0.106	0.108	0.108	0.107	0.106	0.107	0.106	0.108	0.11	0.103	0.103	0.106	0.103	0.103	0.104	0.106	0.103	0.108	0.107	0.108	0.108	0.107	0.105	0.107	0.105	0.105	0.109
552	0.106	0.104	0.107	0.102	0.105	0.107	0.106	0.104	0.109	0.107	0.108	0.108	0.107	0.106	0.108	0.107	0.108	0.111	0.104	0.103	0.106	0.103	0.103	0.104	0.106	0.103	0.109	0.107	0.108	0.108	0.107	0.105	0.106	0.106	0.105	0.11
576	0.106	0.104	0.108	0.102	0.105	0.107	0.105	0.104	0.109	0.106	0.107	0.109	0.106	0.106	0.108	0.107	0.108	0.11	0.104	0.103	0.106	0.103	0.104	0.105	0.106	0.104	0.109	0.107	0.108	0.108	0.107	0.105	0.106	0.106	0.106	0.11
600	0.106	0.104	0.108	0.103	0.105	0.107	0.106	0.104	0.109	0.106	0.108	0.109	0.107	0.106	0.108	0.107	0.108	0.11	0.104	0.103	0.106	0.103	0.104	0.104	0.106	0.103	0.109	0.107	0.108	0.108	0.107	0.105	0.106	0.106	0.105	0.11
624	0.106	0.105	0.108	0.103	0.105	0.107	0.106	0.104	0.109	0.106	0.108	0.109	0.107	0.106	0.108	0.107	0.108	0.111	0.104	0.103	0.106	0.103	0.104	0.105	0.106	0.103	0.109	0.107	0.108	0.108	0.107	0.105	0.106	0.106	0.105	0.11
648	0.106	0.104	0.108	0.103	0.105	0.108	0.106	0.104	0.109	0.106	0.108	0.109	0.107	0.106	0.107	0.107	0.108	0.111	0.104	0.104	0.106	0.104	0.104	0.105	0.107	0.104	0.109	0.107	0.108	0.108	0.107	0.105	0.107	0.106	0.107	0.11
672	0.106	0.104	0.108	0.103	0.105	0.107	0.106	0.104	0.109	0.106	0.108	0.109	0.107	0.106	0.107	0.107	0.109	0.111	0.104	0.103	0.106	0.104	0.104	0.105	0.107	0.103	0.109	0.108	0.108	0.108	0.107	0.105	0.106	0.106	0.106	0.11
696	0.106	0.105	0.108	0.103	0.106	0.107	0.106	0.104	0.11	0.106	0.108	0.109	0.107	0.106	0.108	0.107	0.109	0.111	0.104	0.103	0.106	0.104	0.104	0.105	0.107	0.103	0.109	0.108	0.108	0.109	0.107	0.105	0.106	0.106	0.106	0.11
720	0.106	0.105	0.108	0.103	0.106	0.107	0.106	0.104	0.11	0.106	0.108	0.109	0.106	0.106	0.107	0.107	0.109	0.11	0.104	0.103	0.106	0.104	0.104	0.105	0.107	0.103	0.109	0.108	0.108	0.108	0.107	0.105	0.106	0.106	0.106	0.11
744	0.106	0.105	0.108	0.103	0.106	0.108	0.106	0.105	0.109	0.107	0.108	0.109	0.106	0.106	0.108	0.107	0.109	0.111	0.104	0.103	0.106	0.104	0.105	0.105	0.107	0.103	0.109	0.108	0.108	0.108	0.106	0.105	0.106	0.107	0.106	0.11
768	0.106	0.105	0.108	0.103	0.106	0.108	0.106	0.105	0.109	0.106	0.108	0.109	0.107	0.106	0.107	0.108	0.109	0.111	0.104	0.104	0.106	0.104	0.105	0.105	0.107	0.103	0.108	0.108	0.108	0.108	0.107	0.105	0.107	0.107	0.107	0.11
792	0.106	0.105	0.108	0.103	0.106	0.108	0.106	0.104	0.109	0.106	0.108	0.109	0.106	0.106	0.107	0.108	0.109	0.112	0.104	0.103	0.106	0.104	0.105	0.105	0.106	0.103	0.109	0.108	0.108	0.108	0.107	0.105	0.106	0.107	0.106	0.111
816	0.106	0.105	0.108	0.104	0.106	0.108	0.106	0.104	0.109	0.106	0.109	0.109	0.107	0.106	0.107	0.108	0.109	0.111	0.104	0.104	0.106	0.104	0.105	0.105	0.107	0.103	0.109	0.108	0.109	0.108	0.107	0.105	0.106	0.107	0.106	0.111
840	0.106	0.105	0.107	0.104	0.106	0.107	0.106	0.104	0.11	0.106	0.109	0.109	0.107	0.106	0.107	0.108	0.109	0.112	0.104	0.103	0.106	0.104	0.105	0.105	0.107	0.103	0.109	0.108	0.109	0.109	0.107	0.105	0.107	0.107	0.106	0.11
864	0.106	0.105	0.108	0.104	0.106	0.108	0.106	0.104	0.11	0.106	0.109	0.109	0.107	0.106	0.107	0.108	0.109	0.112	0.104	0.103	0.106	0.104	0.105	0.105	0.107	0.103	0.109	0.108	0.109	0.108	0.107	0.106	0.106	0.107	0.106	0.11
888	0.106	0.105	0.108	0.104	0.106	0.109	0.106	0.104	0.11	0.106	0.109	0.109	0.107	0.106	0.108	0.108	0.109	0.112	0.104	0.104	0.106	0.104	0.105	0.106	0.107	0.104	0.108	0.108	0.109	0.108	0.107	0.106	0.106	0.107	0.106	0.11
