36	0
148	0
113	0
33	0
51	0
152	0
112	0
37	0
162	0
142	0
111	0
115	0
89	0
196	0
155	0
88	0
169	-3
153	0
104	0
138	0
151	0
117	0
166	0
135	0
139	0
49	-3
20	-3
118	0
34	0
48	0
165	0
120	0
6	-3
50	0
143	0
56	0
55	0
133	0
173	-3
171	-3
136	0
150	0
170	0
15	0
31	0
26	0
163	0
134	0
116	0
137	-3
17	-3
154	0
132	0
28	0
175	-3
157	0
93	0
30	-3
178	-3
114	0
52	0
159	0
106	0
101	0
119	0
149	0
145	0
21	0
168	0
147	0
47	0
16	-1
10	-1
3	-1
13	-1
7	-1
172	-1
2	-1
8	-1
x
